1670661382
16782085
16782085
50462725
34734231
1051271
1051286
1051526
1459202
1459203
1459458
37904466
34734214
1049236
4219205
35092
541957
541957
17580292
4325652
16908308
16777348
16777492
16779268
34604037
34604052
34604292
34620420
1049229
1053324
1196175
4243724
4350024
34735112
1083656
22585433
1368328
17826444
18220040
37750040
37750025
33588500
1451045
5267552
4220992
1179845
45317
282113
1182869
1066628
550176
1730177
34621060
4342784
1180805
1180805
5923841
5948417
1313413
1059732
1067652
5269568
1313793
1053317
585989
1183877
536848
37777472
1317889
1187981
1319937
1844240
57620
4221012
33580032
25927
16711
1065287
1065612
35406849
34882561
1212549
1082260
1346561
573700
1097737
1359885
37913865
174341
1475584
5407877
1180293
164116
4350016
34755204
33702913
33702928
33703168
33702912
35537921
34750597
5374085
22151301
1442816
4481089
1966725
262930
265217
33852692
38037824
1313412
4485440
1317888
1460621
18254084
1966213
1966213
18743940
1836033
1316112
1320208
1324033
1319936
4999954
34865797
51134740
33836032
34866176
38559809
35390464
35521156
52167300
34866177
34866432
34866176
1704069
1188245
1184133
5243525
4358420
5374357
4350032
5767813
22022806
22023046
22151573
22151557
22020764
22022020
56230533
35390465
34612117
37750024
33573888
33582080